0.8732240924594196
-0.8371326729378393
0.2674275366849134
0.192227201018865
0.22509998863367342
4.866480243191177
0.7359716812651498
0.6068579129655625
0.63055703371301
-0.11132962240658334
0.2506593104849397
-0.1623782606485666
0.23374847969585152
1.3954462921144521
0.23649602066926617
-0.15477577265233566
0.6078811186127119
-0.15448574990511327
0.7429489593395342
-0.369525160144313
0.13481401689445316
0.10676309822358791
0.43611708602386834
2.9062166852094125
0.8343958737111494
0.09770472677663782
0.7017724733014974
0.5338360359669927
0.3890009270439432
-0.1394942048738233
0.27017455145895375
0.510443873751222
-3.2668725004035206
4.442061252809241
7.6372557067066875
-2.7557788282084195
-9.002782678094704
-2.932251378917738
-0.6213004831690443
8.237889132247762
-0.5478102646718277
2.9025341386042616
-3.187348985688957
-9.076764263519062
3.4678617589193954
5.320296933524222
3.709423341020741
3.9726021318335847
-1.0567112591076966
-0.9110545555791698
-4.149075263743196
3.1594497461517186
-1.3186228539043015
-4.926547372044883
-5.073468362476388
3.7589051616464153
5.622462944702187
-11.1676097411783
1.6032816771085132
0.5201021688320581
-0.15408827021396046
0.8833692867173156
-1.8177831478187574
13.495932951307568
-0.17869597447965754
-4.311945951535238
-5.505454038612038
0.36950610646826754
-14.638370277989134
7.21151820998867
-6.730483063129526
2.8966465331089863
1.6060624196910238
8.945375734050613
-1.3992366768890858
14.44136595924875
-15.580819354328957
-0.16045408383427287
6.426229426198506
-15.502886959827075
-6.433540149526011
7.898626521462322
-1.6514297775769593