0.87438837
0.12391667
0.24914429
-0.20582051
0.37619811
0.09841109
0.25176798
0.23045117
0.6216759
0.10497181
0.7486837
-0.26655657
0.87324863
0.13779503
0.74305158
-0.25838392
0.125895
0.11947702
0.25581561
0.20940016
0.62836529
-0.09570174
0.24926521
-0.21587937
0.37015533
0.08032104
0.74886093
-0.21985843
0.12456185
-0.15107908
0.74572191
0.24462409
11.81308186
-6.76818366
15.45892185
-9.48093989
12.35243197
-12.06370338
-6.23791069
-6.70277381
-0.40913046
-9.5483081
15.63978439
-9.40832686
10.82289837
-11.60600373
-5.13383686
-12.63168947
9.44792697
1.40865065
-3.80291173
-8.30601191
-6.37128497
-7.97076035
-8.08713829
17.57077572
18.15390945
-2.97852627
-1.35181666
