0.8538166089125303
0.06781189575227657
0.7355786924206565
0.22579114629471583
0.6252695409553967
0.0682559811874412
0.7408599369958048
0.14530024905784356
0.88127466006463
-0.056149401263815346
0.2350807276224594
-0.30571490014939284
0.11524793730189878
-0.06745366055694327
0.22725057634646956
-0.21921310518379378
0.6320310244459334
0.21595869269230278
0.5081146053843029
-2.504715597127122
0.15199334811203824
-0.9367007757041812
0.7070074989182906
-0.16530418225400034
0.48465723530783533
0.9310317235197987
3.535572767873465
15.435782656929954
-3.1331906777746514
-2.8612818386160357
-0.3541882829620765
10.250344574794127
-6.24860740230821
-2.7128928613890824
-2.458746495834151
-8.99678278480433
3.3837423712020134
0.5121108058161351
-1.908194573558859
-12.52167107638744
-6.821938788973486
-8.984486235749761
3.6429668045041366
1.9250698352969975
2.9369199433823643
-3.999909849320518
9.581810615875789
4.693952111888941
3.1761007736903877
0.7343261976442887
2.915743483970603
-2.7989665620758264
2.7714061926606037
-9.145052685519728
-16.035159497138984
6.7657314838904
1.4659305911128775
5.123654539384672
10.715013934558442
7.990985427670987
-12.443418460225908
-1.465168055918391
-13.201073177112988
-2.7416261627489655
14.53494798375921
0.3065294001707402
-4.245670044191964